2 0.079140 0.814042 0.156656 0.364407
2 0.418425 0.909588 0.130682 0.179241
2 0.276380 0.794440 0.245942 0.411120
2 0.632711 0.874036 0.231331 0.244420
2 0.606331 0.562216 0.123377 0.524391
2 0.950893 0.870333 0.094968 0.254789
2 0.879058 0.809598 0.074675 0.242938
2 0.698458 0.629616 0.150162 0.238494
2 0.439123 0.554069 0.176948 0.528835
2 0.629058 0.265950 0.043831 0.071104
2 0.575487 0.265950 0.035714 0.074067
2 0.466721 0.248914 0.081169 0.114062
2 0.465097 0.134852 0.064935 0.102212
2 0.203328 0.484446 0.080357 0.208868
2 0.541802 0.326684 0.052760 0.136282