0 0.465503 0.362825 0.026786 0.076299
0 0.510146 0.421807 0.026786 0.101190
0 0.548160 0.387446 0.036255 0.029221
0 0.539096 0.356061 0.029491 0.029221
0 0.507170 0.356602 0.032197 0.029221
0 0.490666 0.334145 0.018669 0.014610
0 0.516504 0.335227 0.016234 0.010281
0 0.387446 0.383929 0.033009 0.045996
0 0.425054 0.418290 0.032468 0.110390
0 0.394345 0.347132 0.029491 0.028680
0 0.426542 0.348755 0.036526 0.026515
0 0.413555 0.329004 0.020833 0.008658
0 0.439394 0.330898 0.021645 0.009199
0 0.518398 0.453193 0.031385 0.018939
0 0.530032 0.470779 0.038420 0.018398
0 0.539502 0.495130 0.045996 0.018398
0 0.553571 0.460768 0.016775 0.034091
0 0.257555 0.688062 0.118007 0.289710
0 0.596279 0.714286 0.098651 0.329670
2 0.700549 0.630619 0.104895 0.329670
2 0.394918 0.514486 0.088037 0.149850
2 0.328422 0.470155 0.087413 0.113636
2 0.578796 0.489510 0.117383 0.114885