2 0.094884 0.469059 0.189768 0.329208
2 0.238036 0.396040 0.045380 0.101485
2 0.330858 0.670792 0.226073 0.643564
2 0.404703 0.336634 0.114686 0.168317
2 0.450495 0.280322 0.037954 0.095297
2 0.663779 0.267327 0.060231 0.094059
2 0.738449 0.246287 0.034653 0.064356
2 0.745462 0.617574 0.248350 0.646040
2 0.870462 0.409653 0.113861 0.274752
0 0.138614 0.818069 0.277228 0.363861
0 0.869224 0.811881 0.261551 0.376238
0 0.933993 0.506807 0.128713 0.226485
0 0.321370 0.314975 0.080033 0.075495
0 0.492574 0.246906 0.044554 0.053218
0 0.418729 0.238861 0.050330 0.044554
0 0.551980 0.250619 0.036304 0.127475
0 0.612624 0.304455 0.045380 0.126238