2 0.838970 0.741337 0.322060 0.517326
2 0.771504 0.500619 0.210520 0.303218
2 0.237686 0.681312 0.187129 0.637376
2 0.124489 0.358292 0.116120 0.181931
2 0.232256 0.301361 0.086046 0.122525
2 0.450294 0.478342 0.087717 0.456683
2 0.502924 0.308168 0.062655 0.210396
2 0.318719 0.256807 0.063490 0.115099
2 0.707596 0.269183 0.106095 0.154703
2 0.787794 0.322401 0.099412 0.085396
2 0.416460 0.212252 0.048453 0.068069
2 0.449459 0.204827 0.035922 0.060644
2 0.500000 0.179455 0.031745 0.049505
2 0.527150 0.172649 0.030910 0.045792
2 0.616538 0.194307 0.057642 0.240099
2 0.733075 0.211015 0.040099 0.065594
2 0.685040 0.183787 0.034251 0.068069
0 0.574350 0.753713 0.220545 0.492574
0 0.075402 0.754332 0.150804 0.491336
0 0.622803 0.468441 0.147030 0.152228
0 0.385968 0.558168 0.127816 0.428218
0 0.123654 0.475248 0.132828 0.121287
0 0.029038 0.454827 0.058075 0.117574
0 0.276532 0.388614 0.074350 0.118812
0 0.644106 0.357673 0.134499 0.066832
0 0.350046 0.316832 0.092729 0.047030