2 0.176177 0.665842 0.352354 0.668316
2 0.879959 0.562500 0.160993 0.639851
2 0.761509 0.496906 0.090923 0.483911
2 0.573823 0.628094 0.132631 0.422030
2 0.422423 0.672649 0.111777 0.607673
2 0.485819 0.424505 0.061728 0.091584
2 0.532115 0.405941 0.039205 0.101485
2 0.567984 0.399134 0.030864 0.068069
2 0.602184 0.379950 0.034200 0.039604
2 0.666159 0.373078 0.022010 0.033546
2 0.632602 0.363471 0.018000 0.032569
2 0.681774 0.367053 0.013610 0.024101
2 0.630627 0.421443 0.036879 0.075560
2 0.706359 0.453687 0.057513 0.407113